Run semi-empirical minimization
 &qmmm
    qm_theory='AM1', grms_tol=0.0005,
 scfconv=1.d-10, ndiis_attempts=700,   qmcharge=0,
 /
   6    C0      -10.4250        3.4200       72.4470 
   6    C1       -9.9240        2.8570       73.6420 
   6    C2       -9.3450        1.4580       73.8060 
   8    O0      -10.0480        3.7550       74.5750 
   7    N0      -10.5850        4.8610       74.1140 
   6    C3      -10.8480        4.7380       72.8100 
   6    C4      -11.4750        5.7980       71.8910 
   8    O1      -11.0620        5.9430       70.7930 
   1    H0      -10.0170        0.8000       73.5680 
   1    H1       -8.5740        1.3570       73.2260 
   1    H2       -9.0750        1.3250       74.7280 
   1    H3      -10.4720        3.0040       71.5720 
   7    N1      -12.5830        6.6250       72.3740 
   6    C5      -13.1660        7.6250       71.4950 
   6    C6      -12.1150        8.7500       71.2410 
   8    O2      -11.4660        9.1590       72.1250 
   6    C7      -14.3970        8.2180       72.1320 
   1    H4      -13.1770        5.9790       72.5240 
   1    H5      -13.4170        7.2110       70.6550 
   1    H6      -14.7790        8.8840       71.5390 
   1    H7      -15.0480        7.5170       72.2930 
   1    H8      -14.1570        8.6350       72.9740 
   7    N2      -11.9430        9.2810       69.9110 
   6    C8      -10.9550       10.3360       69.6660 
   6    C9      -11.6630       11.6060       69.2730 
   8    O3      -12.3810       11.6170       68.3280 
   6   C10      -10.0040        9.8950       68.5150 
   6   C11       -9.1300       11.0860       68.0120 
   6   C12       -9.1160        8.6870       68.9550 
   1    H9      -12.3850        9.0250       69.2190 
   1   H10      -10.4390       10.4910       70.4730 
   1   H11      -10.5550        9.6040       67.7710 
   1   H12       -8.5490       10.7820       67.2970 
   1   H13       -9.7060       11.7930       67.6820 
   1   H14       -8.5910       11.4240       68.7440 
   1   H15       -8.5330        8.4300       68.2230 
   1   H16       -8.5790        8.9420       69.7220 
   1   H17       -9.6840        7.9380       69.1940 
   7    N3      -11.4800       12.6780       70.0440 
   6   C13      -12.1700       13.9630       69.7460 
   6   C14      -11.8040       14.4540       68.3410 
   8    O4      -10.6060       14.4420       68.0360 
   6   C15      -11.7950       14.9950       70.8110 
   6   C16      -12.5660       14.8760       72.1220 
   6   C17      -12.4700       16.1620       72.9250 
   6   C18      -14.0170       14.5140       71.8610 
   1   H18      -10.9710       12.6950       70.7370 
   1   H19      -13.1310       13.8290       69.7670 
   1   H20      -10.8470       14.9150       71.0000 
   1   H21      -11.9380       15.8830       70.4470 
   1   H22      -12.1640       14.1640       72.6440 
   1   H23      -12.9660       16.0650       73.7530 
   1   H24      -11.5400       16.3490       73.1260 
   1   H25      -12.8430       16.8940       72.4090 
   1   H26      -14.4900       14.4430       72.7050 
   1   H27      -14.4300       15.2030       71.3170 
   1   H28      -14.0600       13.6650       71.3940 
   6   C19      -11.8320       15.4910       65.8780 
   6   C20      -12.4220       16.8900       65.6990 
   6   C21      -11.6670       17.9480       65.9020 
   6   C22      -10.2080       17.8200       66.3470 
   6   C23      -12.4370       14.5940       64.8060 
   6   C24      -11.8350       13.1990       64.8380 
   6   C25      -10.3680       13.2410       64.5720 
   6   C26      -10.1100       11.8920       63.8850 
   7    N4      -11.3860       11.5310       63.2320 
   6   C27      -12.4280       12.3060       63.7870 
   8    O5      -13.5590       12.2600       63.4950 
   7    N5      -12.2820       14.9940       67.1230 
   8    O6       -9.9430       17.7850       67.5720 
   1   H29      -12.0250       12.8530       65.7240 
   1   H30      -13.3970       14.5360       64.9350 
   1   H31      -12.2920       14.9900       63.9320 
   1   H32      -12.0440       18.8310       65.7660 
   1   H33      -13.3500       16.9970       65.4370 
   1   H34      -11.4790       10.9420       62.6120 
   1   H35       -9.3930       11.9620       63.2360 
   1   H36       -9.8440       11.2170       64.5290 
   1   H37      -10.1270       13.9880       64.0020 
   1   H38       -9.8560       13.3320       65.3910 
   1   H39      -10.8640       15.5130       65.8260 
   1   H40      -13.2820       14.9940       67.1230 
   6   C28       -7.9010       17.6490       66.6960 
   8    O7       -8.9110       17.8490       65.7030 
   6   C29       -5.8100       18.9970       67.2590 
   6   C30       -5.1380       20.2050       67.4390 
   6   C31       -5.8150       21.4140       67.2570 
   6   C32       -7.1560       21.4060       66.8980 
   6   C33       -7.8310       20.2010       66.7150 
   6   C34       -7.1530       18.9940       66.8960 
   1   H41       -8.2990       17.3550       67.5300 
   1   H42       -8.7680       20.2010       66.4630 
   1   H43       -7.6260       22.2450       66.7740 
   1   H44       -5.3490       22.2560       67.3810 
   1   H45       -4.2010       20.2060       67.6900 
   1   H46       -5.3410       18.1580       67.3870 
   1   H47       -7.2830       16.9550       66.4170 

